400.0 400.0
1000
208.4599 306.2488
287.71506 51.933662
59.469837 130.46844
186.68616 248.4378
343.69086 161.78441
394.03244 262.95163
244.26637 105.559746
110.88424 344.95618
380.1878 64.017395
50.413208 183.60341
261.2881 268.65906
109.15534 357.943
317.77914 372.827
19.158272 84.87135
159.57054 310.52435
79.3543 103.14541
47.55871 257.68817
322.76294 243.13101
248.53044 24.686539
296.83014 205.78503
197.27634 263.8906
17.414282 110.69751
203.96393 393.74905
2.632854 71.848724
21.772518 320.8719
200.98547 221.06418
129.24562 84.20781
98.87375 222.9783
283.76953 250.47752
125.84001 11.646279
167.03996 257.60434
71.55132 27.771214
370.33145 332.96008
386.7576 46.841908
156.83801 305.82416
161.15561 362.305
190.30566 388.53015
54.294945 24.222904
133.63177 18.353542
301.3633 32.697643
298.0582 332.27176
323.8936 46.66807
163.03886 189.30634
246.13638 92.516884
188.81575 60.234173
151.04697 343.25137
108.189705 172.03423
205.53613 287.85034
10.92637 224.5132
242.84007 321.69742
23.690042 189.13214
210.56592 362.8495
240.35179 355.13425
276.17322 335.21683
371.97116 305.65195
127.35467 258.55966
362.70367 86.54961
312.9831 46.534107
157.34016 73.33649
340.99344 137.8487
108.13613 146.56238
282.77344 171.92024
373.04315 153.68666
29.338104 69.246796
84.40745 265.4898
302.7676 88.04276
256.65335 127.674065
47.09022 102.50992
353.4231 63.37844
305.99588 284.44577
349.09717 399.91156
340.46872 368.71933
396.5727 273.08322
347.62976 344.47202
52.63032 205.0944
312.78497 137.72978
14.173484 157.0236
259.87576 37.440468
283.07666 224.5244
261.23355 65.77898
4.3326883 275.42905
225.74149 4.8905206
311.6422 20.529495
105.21149 366.0703
366.54135 263.8859
341.986 223.7067
391.61694 196.5914
126.47826 135.14217
275.312 177.99873
141.56755 128.93544
265.27664 90.99381
141.469 367.8355
169.17317 62.97852
345.90067 379.1068
146.29764 311.8035
26.073751 93.67283
0.3321606 105.96994
17.2353 346.87363
72.996506 320.997
213.19482 367.46057
190.31995 228.9305
381.47083 317.78043
27.70769 175.54532
83.39513 146.92784
336.92957 79.87383
291.7167 279.97498
117.61111 33.268982
268.9497 190.21358
17.761213 80.289955
2.9130595 87.6743
212.3227 331.2764
191.61317 6.014962
135.68616 286.55447
27.823072 281.19858
133.55988 44.797413
254.41548 189.20952
151.54208 323.1399
344.71014 146.3845
392.19495 134.22511
207.79842 174.76318
249.37251 145.44077
127.012024 96.19127
368.0085 188.17795
110.40544 342.73715
379.52243 290.0262
265.32452 357.3113
127.45576 370.39505
4.8375235 307.20572
224.90327 370.13095
252.0073 44.598576
174.75774 78.27677
128.68698 121.897995
235.7388 274.19867
298.7242 6.12645
331.63055 20.8837
381.16245 35.37539
378.1054 225.2895
57.230793 121.68831
240.96451 124.20565
265.61694 128.55809
141.5786 359.164
213.72116 237.55281
89.76618 171.51404
228.29187 67.412445
251.2986 178.8568
127.04718 20.286594
246.67557 186.6096
213.58931 103.612076
229.76709 343.5516
381.12207 312.45688
209.37093 67.77818
156.18512 155.9851
53.68837 149.57085
21.821089 273.02637
157.17381 80.26697
30.295444 305.55994
251.1665 161.2918
348.69183 285.25333
104.166885 315.0938
376.40884 137.0224
84.57175 349.80197
31.786676 314.90854
148.13686 122.00198
325.79694 59.39615
364.3881 197.10654
23.929478 301.62256
210.65504 224.373
243.11581 238.75958
339.35513 123.69963
38.729805 66.17526
163.6083 323.9099
207.41074 75.81121
208.21617 97.3127
64.65635 316.54022
137.49252 302.9036
51.836647 61.096077
98.38509 180.65195
85.482635 35.49632
106.78137 31.894642
382.407 340.70602
56.845154 275.93768
77.41718 32.61965
347.68268 90.54307
96.083626 25.265821
98.59123 24.057724
53.230793 143.46736
63.595154 209.51877
18.519386 175.01831
257.9288 316.14777
23.693394 58.76667
373.5775 341.22476
381.76733 293.82025
287.94183 375.41083
246.63297 266.4211
359.14322 167.16617
362.26758 264.86203
353.44202 66.9887
233.92897 89.14675
164.69252 149.77689
399.4255 160.92363
162.71202 393.6973
286.753 300.55078
46.89492 136.51715
115.092804 61.978836
83.35519 35.439053
229.36884 302.46494
368.33426 24.053741
354.2647 112.961044
287.56415 290.10458
111.80465 346.34628
30.728975 290.336
367.30545 354.5023
72.12093 73.77583
151.7098 181.55803
143.04016 302.37967
54.014294 359.45877
398.44095 338.0438
85.708595 13.342543
219.77972 7.571169
89.84535 8.0346155
397.97354 162.25275
200.56381 153.29941
304.83118 316.30527
54.592777 34.317177
288.2712 78.48398
14.462076 245.1807
116.095795 383.76773
383.85455 277.03568
45.040688 287.09097
278.73398 248.81633
6.276421 98.6764
63.586987 67.35615
75.48762 320.5992
70.321075 264.9816
235.11131 186.79259
88.062546 86.52485
238.2678 13.782305
45.302788 384.0197
348.3709 37.015453
1.5435189 326.173
55.3575 137.7279
223.79494 241.03177
158.92958 257.87204
143.98401 84.095
261.15488 355.7049
376.53317 60.44638
325.2253 272.21515
321.07272 28.312864
334.1258 258.64505
383.45343 272.782
222.41927 157.94186
118.9291 62.239246
356.30576 138.05153
34.58175 86.4139
101.56843 42.544975
183.76524 23.751637
45.97076 254.14641
243.54646 297.1585
232.1231 59.30996
286.82617 350.99014
308.78995 257.07025
144.02473 118.48782
223.06223 372.96997
94.92099 347.69135
352.7718 118.94567
239.4362 315.18616
217.97902 82.63138
266.8571 180.87115
312.31702 34.617744
276.19632 223.2615
159.42914 309.78214
396.09064 43.668133
226.69025 48.883812
210.84161 338.92477
217.85402 79.19596
19.904903 16.161108
318.2233 268.02484
341.33957 259.4484
380.3921 100.544205
215.42972 256.97256
15.562307 213.45117
372.89566 258.71762
94.890114 58.528446
202.8141 58.470623
67.2713 375.27493
88.56981 80.28674
164.427 319.346
275.86493 398.38257
191.10474 323.62186
395.015 230.75238
387.6632 261.30103
80.4635 320.63135
4.2614803 235.49461
13.650462 356.25702
140.3275 337.37344
161.07338 378.20892
279.93277 395.0007
387.58194 184.93466
393.15417 277.55853
395.6513 70.897644
75.456535 124.75685
274.58145 218.11156
161.58264 338.7896
239.27391 310.65314
177.39078 106.28281
396.43924 253.07413
82.53265 210.2559
196.79298 47.460686
208.81827 147.19682
215.0001 320.21698
313.5667 281.9288
44.831207 288.47775
44.195324 153.02545
205.1971 317.383
49.753147 84.10837
223.43153 43.27516
277.0569 161.44006
295.3945 324.20877
53.541595 5.8028736
117.67222 27.989388
185.89072 196.73262
45.352932 79.287025
92.96377 99.75403
249.56017 61.19846
143.49281 2.3432043
232.12929 202.95894
83.4719 281.91998
300.51523 184.33408
315.11703 9.251884
14.223337 248.54915
228.72742 333.22897
184.75761 39.44226
390.731 198.0472
344.2842 364.85535
355.65222 211.416
293.91132 337.1052
396.69086 12.484004
0.6888511 252.70538
339.05542 80.75485
333.1358 347.33673
332.14774 182.34305
308.30493 398.39426
11.147257 367.49835
269.09842 246.26393
75.49803 213.4048
318.75104 266.81348
251.25385 248.83894
210.10025 51.407272
306.19 202.35002
320.46625 237.08517
251.04405 283.2024
138.66772 178.37206
87.19958 134.39964
48.902042 163.51387
50.582047 189.68686
116.92264 351.76343
53.487293 321.50635
67.148285 344.6679
340.51712 84.46017
85.042816 103.13748
251.7495 338.91046
87.306885 383.40332
25.723991 381.92746
73.12627 188.8009
176.77582 317.87253
102.92456 320.64258
145.70573 68.48187
146.77107 360.27206
249.72548 152.3952
302.79794 125.72081
47.07184 356.6507
306.68362 220.21536
83.635445 277.74692
236.46307 126.11175
203.40402 27.449617
262.6277 396.66205
181.47195 178.59976
201.68211 259.34616
177.8222 68.757454
302.02676 168.32938
212.03902 84.59411
324.23956 129.93524
323.56326 117.5238
173.53224 173.85106
309.05554 211.14255
100.36051 354.11108
317.88483 113.622345
205.87001 137.7314
338.71405 3.2855134
72.0635 175.19751
124.60693 273.162
182.27762 45.83536
181.03328 340.41132
205.7605 32.422703
280.60373 189.06868
390.84515 103.22751
170.31721 159.65268
44.41635 265.98734
101.55807 366.75018
171.07155 107.17188
140.0331 255.77278
203.58038 41.199505
102.291 2.6561885
176.9494 168.10559
17.420958 315.35294
81.60252 274.49008
226.97928 113.54675
276.89062 11.398569
213.1469 143.09454
354.34653 44.11999
384.57288 24.280964
310.80536 192.71191
151.31302 138.04774
124.71274 68.39263
284.72516 121.93875
224.64679 259.76733
185.13614 177.57951
297.283 134.18365
69.548485 284.0882
202.73404 193.34035
243.6081 166.89325
48.39989 258.60052
136.50719 289.01077
318.1663 360.28946
254.44987 11.912909
161.99355 266.58456
247.76103 215.69717
121.63989 111.43403
288.67224 73.343636
301.46744 167.26779
121.271225 141.42622
288.98135 57.09341
72.05534 59.721798
187.95657 211.89728
198.98157 144.73898
147.70876 353.0995
8.859658 17.26677
355.27026 16.139238
187.38745 121.621284
202.93396 230.09546
363.08102 374.34695
251.83186 229.57556
265.805 222.70648
82.91799 98.93333
142.562 98.3725
359.9281 335.20523
357.65277 19.311241
24.592491 64.982376
131.2722 122.92741
302.5805 261.76324
160.05894 206.11699
119.359245 384.16138
215.0702 102.95329
208.35138 391.66907
327.1058 348.30923
39.480717 293.50696
46.259075 255.79741
304.39688 247.41788
102.024864 280.9874
65.373764 149.0904
192.2488 145.93753
208.07957 239.2265
393.65427 68.65768
334.11926 304.0959
213.63724 371.1959
287.4533 156.74672
192.47176 332.6216
129.50006 259.87213
217.02275 8.255175
360.93216 187.6584
321.51498 54.07216
333.87967 122.7702
127.86079 375.28845
306.45715 345.95526
217.50233 260.71088
262.23428 99.58007
228.67674 169.51604
50.47191 292.73523
337.46625 104.697655
198.65077 264.37814
207.94795 337.5017
107.02065 32.30831
86.21174 339.74622
255.60281 129.59859
64.96698 336.00046
337.28082 66.43443
59.9128 105.1775
276.31793 54.140617
315.99902 341.1706
299.8427 89.50346
301.15872 224.74358
0.5477256 221.32457
247.04556 63.96261
262.04852 207.47028
360.76334 328.03467
14.054256 219.50903
258.5271 129.49739
42.703785 363.35718
261.64935 2.2814598
102.12432 358.1816
47.19728 78.24607
156.47305 152.13608
360.12036 282.36566
127.42486 352.3358
70.60098 346.82407
230.27292 107.80328
199.83318 286.8509
252.51155 307.94662
239.38887 86.2122
161.97435 45.458965
153.78265 307.84677
227.30322 241.35716
282.8008 375.21658
391.7274 141.20409
149.61194 362.51822
361.83466 65.38904
332.6309 86.980774
156.22006 132.66724
273.56018 114.05307
104.60017 74.98868
370.98618 166.36183
296.18478 122.97382
148.36073 169.90004
246.80049 65.22251
87.152084 175.98326
87.46393 170.9701
80.40164 65.089645
72.805504 114.43308
388.87662 268.77722
65.94776 350.5147
271.46176 338.45087
77.14529 165.36897
313.38608 244.82849
116.696724 261.64993
90.334236 209.53546
168.34195 37.10071
383.4447 250.33261
197.56102 276.4655
299.65042 64.06321
179.89484 0.5353834
353.77078 176.48091
367.60956 102.46713
33.21631 55.699753
8.731557 150.34239
193.12164 116.08472
90.681076 346.26254
19.17419 231.98022
1.437293 106.10281
47.360184 335.7513
84.3698 60.377346
44.30213 92.19083
308.5749 275.4949
228.81528 121.42417
84.75823 156.01324
354.76352 385.02078
27.408424 12.328187
377.24866 155.1
397.2094 264.56128
388.61942 53.797443
253.34239 102.23881
237.74074 380.53497
3.5313468 330.68222
335.41586 137.11694
60.389362 308.85837
200.80782 215.75262
95.825905 319.767
318.15924 132.68266
130.97842 13.268974
250.0634 70.16638
7.334901 322.5896
92.99155 32.164307
55.41687 79.556885
62.73575 24.128288
210.59566 239.96465
261.87848 134.89012
221.3178 179.27736
308.35455 28.717524
353.21863 330.2224
93.62273 48.184372
113.30603 307.64304
90.91893 83.580315
1.5997684 2.3138416
348.51483 382.16302
143.31476 124.24853
379.85944 150.6343
262.87967 337.35782
1.9343989 346.79977
231.78561 251.14357
175.10648 61.449505
155.46254 321.44336
262.21405 159.0753
60.084473 161.06747
251.57773 176.11879
98.407135 72.49926
178.07822 68.02181
14.445695 188.65689
228.39699 51.429794
190.00226 44.043465
230.97012 305.47568
341.75705 97.4401
8.156788 76.15135
245.83936 88.625015
7.578556 370.35062
137.49806 335.42963
331.53784 331.24655
266.69464 363.7707
147.87758 154.24382
286.1441 212.12608
92.59701 232.82501
106.53336 163.24919
63.991337 316.18765
174.34883 129.74582
160.03703 215.64717
10.94861 56.465107
225.1965 214.35928
97.217575 301.4843
349.77002 14.99247
196.34712 18.795305
304.37512 202.5609
177.98378 89.628685
294.0875 204.70453
140.19481 335.68015
181.2299 399.28287
321.4015 196.33083
252.74925 149.22554
352.63416 163.28226
97.57485 137.1624
221.16609 39.85464
11.303882 27.432426
299.78644 328.52487
360.01364 0.6503807
141.67577 349.1091
111.95296 286.08716
249.05064 251.3229
285.31805 59.698414
94.44653 309.28003
162.27191 380.71402
106.712494 171.81868
183.81903 7.279138
329.4928 291.37308
267.09976 361.71585
18.174994 365.43512
276.12338 208.55193
161.98637 98.48025
128.9102 163.5424
1.123903 328.55878
138.46756 369.48663
254.5064 361.58258
61.976803 354.72266
381.9401 217.66527
372.0221 232.75786
375.19244 17.701477
265.64453 206.57399
105.67168 124.69972
291.4585 8.722058
352.11343 103.21115
2.0202239 238.4007
89.87791 71.52431
328.0915 349.29053
44.165047 195.12474
23.394655 96.994095
92.65793 106.24593
342.90875 172.50996
248.8077 333.16647
94.70829 328.24704
65.17648 384.23624
344.80118 345.66388
166.9581 155.44263
356.37372 298.6952
258.99915 16.656342
209.30536 134.70677
345.34644 280.52338
172.76694 224.7973
58.54975 369.29922
293.17178 227.844
116.651985 268.74847
211.69998 167.76764
9.002196 194.56169
140.07037 241.06953
257.72946 395.56906
0.18780436 151.77242
9.919545 79.35907
172.74625 313.47427
86.23873 169.73798
101.821175 63.302963
344.95255 191.7944
166.93837 100.137314
315.99045 229.16124
161.05888 89.538345
317.91028 209.39531
2.3732512 170.41289
291.31976 347.2233
159.75124 153.5095
165.5153 11.7307005
286.14633 119.42503
320.80115 382.39832
331.2075 103.8779
17.156034 220.21968
143.80365 200.58305
330.61627 303.95993
77.11978 117.14067
171.94849 167.9456
373.43613 186.92978
157.88782 326.6025
332.6559 70.07526
263.42026 182.28723
258.0991 69.13549
104.29176 286.7856
325.03375 340.23563
182.12895 363.18005
31.869427 97.94972
70.26015 293.61508
170.8894 192.31293
126.52781 139.81975
294.85312 178.92363
90.087494 387.07214
57.75189 8.172616
52.390755 188.62073
172.45515 327.2154
388.25287 236.40437
54.93681 118.38121
91.10964 395.2419
114.22499 390.2911
377.2702 11.489506
299.1714 293.03452
7.1760087 43.49242
127.58944 146.33357
117.37968 59.986137
200.2636 49.700226
265.1599 113.92975
341.78583 186.17188
258.3922 323.08246
212.12743 36.287247
176.49832 74.962685
97.30804 86.54364
183.99985 122.656525
214.47745 46.654312
296.40564 49.2717
256.1773 82.50296
178.86441 252.65985
250.50465 126.77034
341.21863 138.3592
328.3513 146.78639
338.79712 207.53741
265.84628 129.23903
396.48874 388.04218
109.58278 83.94932
244.34131 280.49606
394.16193 374.00027
86.133575 177.69958
26.041538 347.08542
318.07123 364.43433
234.62889 173.02068
72.960815 316.0875
81.01107 184.94159
285.91888 188.34547
66.66876 276.7861
360.8764 26.533619
198.97313 227.24094
262.84195 222.00699
247.21794 200.40817
369.09012 304.32462
62.392597 316.02618
83.14487 181.76872
335.85483 287.15778
248.63039 29.098028
236.51479 290.83618
195.76567 170.25198
393.09558 67.237625
211.48135 115.05189
77.48814 335.5278
344.8414 382.77225
197.17174 169.60675
342.65457 281.78384
19.12455 394.5561
355.86414 213.29834
224.60146 344.6692
265.50757 328.5729
333.60992 266.5246
247.74039 92.75974
339.86737 255.63936
130.62225 294.91605
161.4773 82.81893
191.06627 292.51547
239.51337 196.39671
98.555046 390.13223
306.15536 179.13577
132.93117 225.79633
195.97269 193.64235
386.77188 74.84609
188.4046 267.71988
208.56195 279.93344
346.44022 51.169533
51.08022 177.16423
255.95335 318.12164
360.1208 312.18524
72.10098 194.06126
371.87042 26.356388
43.647182 54.287575
82.96862 241.97592
313.02768 70.627
15.479456 86.85386
179.42276 75.79631
119.70688 272.35706
164.05978 169.89108
40.989094 275.37784
331.41995 111.052765
22.310274 373.50574
396.97626 212.44553
122.77107 244.0103
391.54373 10.252604
2.662681 361.0712
254.27513 172.47948
259.09198 12.019495
290.78925 385.9298
391.80893 2.1825705
359.87173 88.79798
337.09006 229.25305
341.64145 308.89984
128.23499 281.93027
292.02844 322.64252
24.436733 253.91087
102.86302 367.41055
195.48871 263.1335
263.8284 20.125687
357.99512 327.51038
261.98215 297.3139
29.454296 72.206566
56.5057 37.092876
99.78805 229.85674
130.7931 91.07047
215.59222 243.93594
50.944485 284.2229
30.58834 96.830376
249.18199 393.39966
96.45766 157.98137
102.65944 350.18063
51.443474 383.8044
92.59018 91.38773
209.8097 399.91287
105.57033 360.63373
63.447372 57.504498
178.42807 306.8664
377.6238 379.59647
189.88292 330.94635
96.071846 199.1235
366.7513 98.87443
366.32034 239.74097
199.38887 370.36172
54.36998 301.5036
250.51234 84.01497
138.52104 187.41844
193.49706 195.48697
355.36417 243.19826
30.69974 282.52045
16.646566 81.37086
219.30878 110.89172
23.931166 222.22653
371.67755 197.83836
378.66736 207.91524
99.04962 114.633896
118.49687 232.3323
232.03748 37.549862
206.32022 278.2601
78.16996 286.52438
56.852882 364.561
166.27614 83.43397
306.1033 180.04538
79.42716 116.94379
112.40791 116.96595
292.61014 118.48971
323.36182 115.9186
208.26163 134.0232
251.18608 195.25734
222.24129 118.728806
369.77713 261.9596
54.779278 87.00179
379.88495 387.20596
345.38443 317.55136
184.57184 178.76648
37.65295 43.573837
375.30542 393.61435
369.3707 50.517105
49.742733 308.01505
135.2554 59.03719
365.46634 198.66783
304.13812 88.32446
179.63501 387.3045
249.33603 175.05629
232.71623 262.47794
390.42273 65.8104
205.16963 116.1018
146.55418 205.85172
209.15443 318.6306
165.96233 314.78308
73.036514 305.597
223.18146 69.62919
134.6744 59.552074
165.02516 308.50012
180.166 45.282276
38.285248 323.06018
247.94156 292.50418
246.57672 25.604769
263.79117 319.06723
60.70648 256.6269
80.61827 49.02247
246.3963 241.3327
267.41367 203.74268
175.14355 208.64381
125.1483 30.608978
348.4567 253.80176
102.98492 282.60547
192.65547 55.768852
246.41338 73.49245
270.87872 53.197174
129.6161 7.057219
110.89618 337.81586
107.5744 15.2683735
61.773552 41.664883
269.12872 238.98904
369.39307 174.6817
180.40959 246.23155
200.28542 311.72525
178.75853 306.76483
45.181664 233.1999
10.462229 328.21338
398.14673 391.01993
201.32523 207.61569
234.10962 301.73364
107.31064 163.73663
197.05856 61.20398
113.18069 289.25824
363.1218 330.3205
330.27252 298.30002
157.20885 358.79642
390.24765 43.548664
78.839455 294.18146
139.85641 38.605263
132.24065 365.80075
12.462124 144.98572
257.74597 338.40652
185.27284 169.53896
25.983208 297.909
126.9313 366.87473
383.29126 361.6299
398.31738 352.72186
126.25818 298.10092
190.11996 107.96518
35.227905 296.50674
263.93845 189.43799
211.0736 43.451366
109.377625 362.3746
336.49115 44.803917
237.80194 230.75621
322.51788 372.95804
4.119091 65.61086
102.93516 124.91813
181.16568 117.65667
203.66681 244.20247
106.97069 249.50583
341.23846 189.63272
383.37582 333.97452
93.81539 26.656235
225.19498 338.87247
40.290714 271.9266
42.297825 154.97368
77.34762 239.44545
282.70618 222.69818
301.3735 116.64713
172.99445 74.362854
81.55641 141.38547
362.98892 232.68683
352.44745 55.86015
14.963484 292.56653
318.72614 281.09894
373.23288 61.96167
291.8584 185.68886
108.24735 149.0633
67.79047 15.029034
349.99573 156.74214
306.7749 302.4547
108.727455 281.604
390.8778 301.16095
126.706764 13.806764
211.66989 355.9325
312.91544 195.1224
80.05704 176.26376
383.32407 316.5545
52.15857 77.5322
362.55417 23.150707
229.59583 224.46526
398.4574 342.47748
219.50522 141.22005
299.3406 164.5523
129.04428 44.972507
324.2692 174.85715
21.11176 114.9914
40.08347 178.3846
72.45613 26.750124
304.46695 151.4967
